Processing from 2016-04-06  02h45m57s to 04-06  08h26m04s
Weight discretization: 1000
Group number: 300
Radius : 0.100000
Frame filter: 0.200000
Prefix: s4000
Signature: 04-06  02h45m59s
Guide selection: worst
Frame number: 200
Guide sum 35488631.000000, energy from 1844540.527189 t0 491521.098451
Guide hair selection:
[114, 196, 501, 502, 304, 2107, 21, 59, 58, 203, 3, 63, 195, 307, 1777, 242, 306, 243, 1962, 283, 1751, 904, 149, 187, 359, 188, 1528, 365, 3885, 348, 240, 116, 1300, 178, 3226, 912, 57, 201, 8, 1370, 570, 38, 126, 202, 588, 256, 36, 2201, 648, 2023, 2248, 448, 1310, 717, 855, 1124, 2102, 64, 1197, 639, 1982, 2070, 87, 998, 453, 2112, 2153, 1880, 2351, 2405, 90, 800, 1973, 936, 2198, 46, 23, 214, 42, 464, 811, 1786, 138, 132, 183, 274, 171, 1510, 472, 411, 1081, 226, 1570, 3569, 169, 4172, 2151, 3811, 165, 3530, 2116, 2084, 3809, 66, 3949, 399, 541, 538, 2183, 392, 170, 97, 11, 0, 9, 50, 10, 137, 1517, 1279, 347, 1513, 1630, 227, 887, 130, 118, 1273, 544, 225, 100, 55, 7, 2200, 185, 962, 113, 473, 826, 1158, 228, 17, 416, 412, 963, 1286, 1035, 1102, 2142, 1037, 4169, 2855, 3953, 3980, 4057, 3677, 4009, 4143, 3398, 131, 4171, 3819, 3879, 4139, 4010, 68, 96, 3260, 3747, 3606, 4006, 3600, 3952, 262, 4103, 2334, 327, 3164, 3820, 4100, 4102, 4106, 2325, 3886, 3619, 2231, 3948, 2233, 2012, 3954, 4008, 4101, 4104, 2557, 4058, 3710, 3095, 3158, 332, 3497, 2229, 2279, 2139, 2495, 2331, 3154, 3678, 4202, 2223, 4200, 2381, 2230, 3246, 2434, 4059, 2280, 2383, 3679, 3153, 2493, 3206, 3621, 3887, 3662, 2384, 3384, 3457, 2575, 3944, 2291, 2348, 2158, 2693, 3737, 2251, 2302, 2203, 61, 2459, 2462, 2461, 2635, 2300, 463, 3943, 128, 3745, 2359, 3752, 3601, 172, 596, 168, 3393, 461, 3673, 3877, 325, 166, 3945, 394, 884, 3661, 2634, 3500, 3917, 3644, 3499, 3165, 3502, 3715, 3117, 3385, 3576, 2737, 3598, 3108, 3930, 3651, 4170, 3432, 2632, 3498, 3317, 2499, 3755, 2520, 3515, 2568, 4064, 3589, 3730, 3511, 3512, 3653, 3514, 3307, 3823, 3657, 3359]