Processing from 2016-04-06  10h22m04s to 04-06  16h30m21s
Weight discretization: 1000
Group number: 300
Radius : 0.100000
Frame filter: 0.200000
Prefix: s4000
Signature: 04-06  10h22m06s
Guide selection: rand
Frame number: 200
Guide sum 51040332.000000, energy from 1570024.248647 t0 420368.221445
Guide hair selection:
[1964, 206, 775, 568, 1534, 708, 1606, 642, 1418, 1364, 636, 990, 1244, 373, 1777, 918, 712, 439, 1584, 2008, 1467, 557, 1232, 235, 492, 188, 357, 85, 2322, 687, 564, 909, 1414, 839, 3939, 1531, 80, 317, 93, 994, 1051, 910, 1601, 861, 657, 385, 1915, 1530, 1540, 1425, 246, 1426, 1969, 1367, 793, 2013, 1977, 1588, 1876, 1585, 321, 2070, 1821, 796, 1068, 2114, 1818, 713, 2299, 1933, 1667, 1004, 1495, 936, 801, 175, 133, 3193, 43, 1204, 946, 1997, 1839, 2046, 1445, 398, 407, 1272, 1845, 1270, 1948, 1844, 1949, 3162, 734, 3910, 3756, 3539, 2088, 1726, 1611, 2082, 4062, 1895, 2591, 945, 541, 1559, 4113, 2467, 1993, 1380, 749, 2, 9, 179, 224, 277, 615, 1026, 1338, 1216, 1275, 1394, 1849, 1742, 747, 1901, 1150, 225, 410, 111, 1697, 4127, 1223, 1219, 1032, 1282, 1399, 1158, 1036, 1285, 623, 420, 757, 1099, 969, 830, 1544, 833, 3884, 3405, 3893, 1006, 3137, 871, 3199, 3329, 3398, 1502, 3084, 3757, 2269, 2648, 3607, 3007, 1782, 3643, 4015, 3892, 3186, 3600, 3077, 668, 3204, 3859, 217, 3696, 3820, 3134, 2764, 3478, 2658, 2327, 3620, 3274, 3098, 4070, 2446, 3159, 2141, 2975, 3287, 3978, 3533, 3567, 4228, 3635, 4239, 3913, 3564, 2788, 2727, 3029, 2496, 3841, 2939, 4149, 3833, 2960, 3695, 3771, 3496, 2234, 2135, 3090, 3349, 3400, 2666, 3281, 2963, 3150, 2892, 3052, 4208, 3250, 2750, 2749, 3182, 3595, 3119, 2143, 3593, 3055, 2068, 2302, 3798, 61, 2063, 1122, 2395, 2627, 2292, 3061, 3458, 2878, 2879, 2123, 3752, 2468, 1884, 1199, 1011, 1200, 2363, 2173, 2170, 3741, 166, 3189, 2211, 1946, 3051, 3942, 2342, 3039, 4188, 3499, 2500, 3646, 3922, 2988, 2920, 2798, 3647, 3305, 4212, 3300, 3648, 3759, 4159, 3456, 3926, 2745, 3157, 3224, 3375, 2930, 2509, 3801, 4048, 3046, 4126, 3995, 3655, 3865, 3584, 2827, 4133, 2861]