Processing from 2016-04-05  20h59m39s to 04-06  02h45m54s
Weight discretization: 1000
Group number: 300
Radius : 0.100000
Frame filter: 0.200000
Prefix: s4000
Signature: 04-05  20h59m46s
Guide selection: opt
Frame number: 200
Guide sum 62641917.000000, energy from 1929852.248004 t0 519369.378068
Guide hair selection:
[908, 1483, 1759, 1353, 1704, 1822, 1486, 1587, 1108, 1708, 1291, 920, 1244, 1865, 2058, 1054, 1965, 1473, 2094, 2052, 1908, 557, 970, 1288, 1229, 698, 1470, 1101, 3618, 429, 838, 907, 1862, 839, 2725, 905, 843, 1309, 790, 259, 773, 694, 1249, 1252, 1662, 1372, 2053, 2054, 1481, 1428, 2097, 1426, 1868, 1764, 1059, 1247, 323, 1350, 1924, 1121, 1971, 1193, 1812, 1313, 2015, 1882, 1543, 1107, 525, 2021, 1480, 934, 390, 1605, 731, 1678, 673, 1724, 3067, 1615, 1080, 1509, 1505, 1014, 1741, 1201, 1567, 1736, 1679, 1208, 1947, 1144, 1564, 3493, 1008, 3910, 3548, 2427, 2030, 1937, 1984, 1496, 3828, 1895, 4181, 876, 1788, 1991, 3347, 2467, 1500, 1140, 1343, 53, 1625, 180, 964, 1675, 1688, 1846, 891, 1456, 1791, 1571, 1215, 1850, 1427, 1683, 1569, 1629, 1333, 1747, 1349, 4232, 1347, 1685, 1578, 1744, 1460, 421, 968, 1285, 1696, 1579, 1635, 1906, 1039, 1580, 1656, 1346, 2711, 3279, 3758, 4233, 2372, 2996, 2370, 3144, 2538, 1563, 3839, 3614, 2476, 2705, 3688, 1441, 1725, 3701, 2714, 3971, 4082, 2814, 3015, 2941, 2833, 3859, 1137, 2985, 2944, 3207, 4121, 3478, 4024, 3024, 2603, 2661, 3577, 4118, 2446, 2424, 2911, 3064, 2712, 4209, 2599, 3284, 4210, 3491, 4240, 3351, 3285, 3772, 4186, 4157, 3421, 4158, 1383, 3280, 4073, 4081, 2779, 3213, 3496, 3764, 3482, 2843, 3689, 2528, 4156, 3560, 4074, 3087, 3555, 4168, 2784, 2628, 3941, 2749, 2508, 2288, 3875, 3521, 2991, 3054, 1547, 1432, 4194, 763, 3112, 2057, 4192, 2343, 2511, 2261, 2755, 2470, 4123, 2997, 4125, 2307, 1884, 1890, 1837, 1200, 2363, 1842, 3003, 1613, 2581, 3189, 2883, 3130, 3861, 2623, 4167, 4243, 4188, 4184, 4041, 3168, 4230, 4050, 3364, 4086, 3990, 3305, 4215, 4162, 4213, 3025, 4159, 2236, 4122, 4097, 4244, 3149, 4051, 4136, 4095, 4183, 4166, 4195, 4126, 4085, 4231, 2566, 2185, 3214, 4190, 2445]