Processing from 2016-04-01  15h01m49s to 04-01  18h51m05s
Weight discretization: 1000
Group number: 300
Radius : 0.060000
Frame filter: 0.200000
Prefix: s15000
Signature: __04-01  15h01m53s
Guide selection: rand
Frame number: 200
Guide sum 37696140.000000, energy from 4825536.285307 t0 2734009.461277
Guide hair selection:
[7490, 7946, 7205, 7615, 6974, 7547, 2603, 7672, 5561, 2798, 805, 3013, 1481, 3724, 6884, 6731, 4309, 5986, 1061, 1665, 106, 722, 1271, 1074, 281, 972, 1165, 3099, 2379, 4573, 3410, 4572, 2588, 3622, 6063, 4578, 5810, 2755, 2547, 931, 704, 3072, 3887, 1041, 2247, 1640, 5432, 6786, 3066, 4904, 4544, 4276, 5437, 6547, 6298, 6630, 1753, 2676, 1961, 1256, 4466, 3699, 3289, 1048, 1247, 4921, 3902, 4555, 5449, 6949, 3507, 5364, 7253, 4103, 6143, 634, 257, 628, 397, 7520, 3151, 1315, 335, 293, 223, 10, 579, 1122, 1019, 1920, 3366, 2645, 1222, 4350, 4064, 3677, 4717, 6029, 6860, 5427, 6375, 5430, 5242, 3767, 4055, 4058, 5234, 7527, 6932, 4970, 6194, 6191, 6501, 3738, 5213, 4506, 3127, 1793, 2512, 1692, 813, 5044, 6002, 6981, 6507, 5040, 6979, 7839, 7575, 7898, 7358, 549, 994, 1401, 2518, 3343, 3846, 2938, 3551, 3552, 5839, 6095, 6434, 7788, 7297, 5580, 4521, 5496, 7718, 6917, 1992, 11475, 11296, 12982, 13617, 12981, 14447, 1990, 3227, 14557, 14749, 12259, 11488, 11583, 13417, 14659, 15303, 12572, 10040, 8467, 10666, 10124, 9007, 8314, 8919, 10659, 9680, 10929, 10199, 10560, 10106, 9491, 8098, 8373, 9497, 9246, 8040, 9192, 9271, 11425, 11146, 8625, 10592, 12700, 9184, 10682, 10674, 8620, 9350, 10772, 10493, 13114, 11413, 12078, 10854, 12685, 13842, 12686, 14664, 15526, 13744, 14163, 15574, 15321, 15758, 15059, 15714, 15838, 15627, 15202, 13967, 14484, 13544, 13329, 14170, 15227, 15090, 14219, 15010, 13494, 15300, 11648, 14922, 14638, 8802, 10358, 11459, 11650, 10261, 9815, 12028, 12430, 9213, 8983, 8281, 7937, 7930, 8273, 9141, 13177, 8890, 9921, 13178, 14440, 8967, 10818, 12237, 9823, 11006, 13396, 12555, 10641, 8796, 11166, 8953, 11253, 9122, 10531, 12325, 11170, 11448, 11920, 14311, 12014, 14900, 13573, 15400, 15556, 14316, 13685, 14620, 12706, 12401, 10510, 10422, 9450, 8121, 10065, 9536, 10700, 15450, 14074, 11712, 14981, 13558, 13145, 13567, 14400, 13782, 14405]