Processing from 2016-04-01  18h51m07s to 04-01  22h40m11s
Weight discretization: 1000
Group number: 300
Radius : 0.060000
Frame filter: 0.200000
Prefix: s15000
Signature: __04-01  18h51m11s
Guide selection: rand
Frame number: 200
Guide sum 37598716.000000, energy from 4842209.662157 t0 2744328.035279
Guide hair selection:
[7696, 7999, 7619, 7129, 6661, 6822, 2705, 6409, 3121, 2391, 1779, 3220, 2289, 4492, 6650, 5817, 2698, 6963, 1157, 1167, 526, 167, 2080, 802, 727, 1670, 2077, 2276, 2892, 5285, 4662, 3202, 3208, 4211, 6398, 4392, 5551, 3067, 2239, 1431, 362, 2455, 1433, 2765, 937, 2046, 5165, 6041, 3682, 5433, 4454, 5266, 5615, 7098, 7466, 5702, 861, 3997, 1557, 1962, 2564, 5092, 944, 1546, 2161, 4000, 5620, 5616, 6138, 6304, 4292, 5626, 5539, 4005, 6641, 258, 262, 757, 447, 1511, 2734, 1208, 383, 208, 16, 55, 637, 925, 1923, 2529, 4803, 1823, 2341, 4443, 3771, 2752, 3777, 5512, 7460, 5073, 6702, 4897, 4062, 3155, 3559, 4153, 5411, 5595, 7228, 5677, 6109, 6106, 4499, 3834, 5394, 3441, 2921, 2098, 2408, 2100, 1392, 5042, 6510, 7889, 7061, 5568, 8085, 7954, 6753, 7914, 7212, 817, 742, 1001, 2209, 3648, 6178, 2936, 3037, 4425, 4690, 5315, 6008, 7584, 7371, 4602, 4149, 6016, 4873, 7300, 12558, 11758, 11296, 12768, 14144, 14034, 13084, 1383, 1286, 13198, 14749, 12672, 11487, 11871, 13523, 15246, 14846, 12781, 8930, 8773, 11874, 9772, 8538, 8318, 9590, 10658, 11212, 10475, 11109, 10833, 10013, 8908, 7843, 8992, 9160, 9163, 8239, 9615, 8628, 11147, 10871, 9871, 9873, 11421, 11415, 12699, 9862, 8619, 8326, 9786, 11041, 13325, 10769, 11503, 11130, 12172, 13737, 13740, 14856, 15251, 13847, 14270, 14861, 15320, 15622, 15446, 15844, 15631, 15734, 15264, 12393, 14385, 14069, 14063, 14276, 15164, 15088, 13800, 14111, 12962, 14231, 13067, 13593, 15356, 10264, 10358, 12332, 10816, 10170, 8127, 13269, 13166, 12328, 8821, 8824, 7937, 8068, 8425, 9226, 8650, 9830, 10011, 12753, 13498, 9738, 10182, 12041, 9917, 11378, 13711, 10368, 12972, 8561, 10705, 9370, 11069, 8562, 11357, 11452, 10985, 11449, 12219, 14103, 12209, 14201, 13258, 15086, 15721, 13476, 13893, 15340, 12602, 12298, 10599, 10604, 9453, 8556, 9801, 12005, 11067, 15641, 14491, 14185, 15070, 12200, 12510, 13876, 14600, 12726, 13882]