Processing from 2016-05-26  23h34m23s to 05-27  06h20m35s
Weight discretization: 1000
Group number: 200
Radius : 0.040000
Frame filter: 0.200000
Prefix: c0524
Signature: c0524-opt-05-26 23h34m29s
Guide selection: opt
Frame number: 200
Guide sum 25672733.000000, energy from 18313289.580130 t0 8115657.947405
Guide hair selection:
[14251, 13754, 12908, 13260, 11292, 12109, 12560, 13030, 12562, 15409, 12223, 12675, 12899, 15779, 12105, 12554, 11684, 13994, 12778, 11891, 11997, 11995, 11888, 13368, 13611, 20295, 11982, 19851, 14081, 11672, 11876, 14091, 12422, 12201, 12308, 12419, 13593, 13124, 13730, 12890, 12099, 11992, 12210, 11679, 13725, 14224, 12097, 13117, 13969, 12536, 9083, 7774, 9424, 9537, 9645, 7657, 9867, 9973, 9650, 10275, 10751, 9970, 7025, 9415, 10268, 9634, 9850, 8721, 9856, 8967, 9531, 9961, 7401, 9854, 10270, 11393, 11592, 11799, 11300, 11495, 12236, 11108, 10938, 11025, 11107, 10285, 9870, 13763, 12452, 11691, 13515, 13391, 12007, 12681, 11692, 11489, 12011, 12925, 13522, 12343, 11372, 12627, 11565, 11659, 11370, 11967, 11972, 12407, 12298, 11377, 11977, 13221, 19239, 11366, 11554, 11458, 11185, 11364, 11447, 11362, 11349, 11171, 11089, 11086, 11091, 10997, 10896, 10999, 10986, 10306, 11002, 3940, 10812, 11009, 10425, 10916, 10423, 10131, 10540, 10732, 7072, 18794, 21377, 2371, 10534, 10826, 10823, 10918, 10631, 10825, 1148, 10340, 9813, 9707, 9259, 10444, 9492, 10037, 9035, 10545, 9489, 9598, 9935, 10646, 10353, 9495, 9608, 8920, 8573, 9388, 7723, 9614, 9724, 8338, 9161, 6494, 9839, 9946, 7368, 8939, 8824, 8458, 8820, 9504, 4437, 10925, 8936, 9070, 8837, 8361, 9182, 9630, 8951, 8469, 10158, 9402, 9735, 9515, 8948, 8831]