Processing from 2016-05-28  04h27m51s to 05-28  12h50m56s
Weight discretization: 1000
Group number: 400
Radius : 0.040000
Frame filter: 0.200000
Prefix: c0524
Signature: c0524-opt-05-28 04h27m57s
Guide selection: opt
Frame number: 200
Guide sum 47284312.000000, energy from 15988032.621141 t0 6512293.255641
Guide hair selection:
[769, 1958, 1536, 9034, 10037, 10738, 10545, 9818, 9598, 9375, 9601, 9489, 951, 10646, 10148, 9608, 9935, 10353, 10143, 9492, 9605, 10351, 9381, 9268, 9038, 8338, 10255, 8458, 9611, 6229, 9280, 8581, 10456, 8936, 8820, 7977, 9504, 9161, 9162, 9724, 10455, 7108, 8094, 9722, 8453, 7598, 8212, 9939, 7723, 9721, 10898, 10805, 10896, 10795, 10792, 10997, 4945, 11089, 10999, 10895, 11071, 10998, 10723, 10425, 10822, 10821, 10323, 10918, 10423, 10816, 10318, 10812, 10815, 10514, 11009, 10029, 10540, 9813, 2512, 2232, 2235, 9925, 10444, 9707, 8435, 10031, 9372, 9913, 9700, 10131, 10732, 8902, 9476, 10532, 10631, 10017, 10825, 10534, 10021, 9694, 10651, 9839, 8469, 9060, 8470, 10158, 9061, 10057, 9735, 9515, 9842, 8233, 208, 10925, 10052, 5575, 8704, 7119, 8824, 9285, 9946, 9057, 6619, 6494, 5298, 8948, 8475, 9405, 8831, 10161, 10263, 6387, 9630, 10265, 8479, 9182, 8951, 9850, 7267, 6137, 7512, 8837, 9183, 6648, 10268, 10655, 8721, 8605, 7514, 9634, 9538, 9428, 9537, 7782, 10275, 10751, 7899, 11015, 9424, 7901, 7657, 9645, 10574, 10383, 9870, 9323, 9867, 10475, 5633, 9973, 10279, 8506, 10175, 8862, 8744, 10927, 9853, 10064, 7025, 10562, 10270, 9529, 907, 9639, 9854, 9961, 8376, 11025, 10938, 10947, 10563, 10485, 10934, 8138, 7774, 7529, 9856, 9198, 9531, 7771, 12899, 12783, 11684, 13135, 14367, 12325, 13986, 11997, 12896, 14113, 12665, 12105, 22075, 11994, 14487, 12549, 11995, 13368, 12320, 12321, 13733, 11888, 13008, 14106, 16423, 16451, 15795, 12222, 12003, 14003, 13754, 19820, 2353, 19959, 13387, 1374, 1515, 12107, 12439, 13869, 13502, 16440, 13138, 12109, 14756, 13749, 11292, 13262, 14001, 14000, 11592, 12460, 11393, 11495, 11394, 12236, 11205, 11397, 12025, 11218, 11107, 11109, 13164, 11695, 11799, 12011, 12925, 13161, 11692, 11489, 16208, 12342, 13522, 15040, 12456, 13157, 12681, 11902, 11588, 12009, 14268, 12008, 11795, 12797, 12007, 11691, 12567, 14258, 12223, 12675, 15150, 13148, 12560, 13886, 13515, 13391, 12563, 13513, 15154, 12794, 12192, 12083, 11977, 13221, 12984, 12522, 11975, 12407, 12079, 11470, 11870, 11666, 11190, 11758, 11659, 11861, 11278, 11463, 11662, 12627, 11565, 11967, 11969, 11466, 11281, 11946, 11349, 11351, 17606, 11091, 11181, 11070, 11171, 11251, 11156, 11093, 11086, 11553, 11276, 11554, 18794, 11650, 11651, 11184, 11546, 11362, 11455, 11269, 11185, 11364, 11779, 12882, 15243, 12095, 12536, 11288, 21912, 12097, 21645, 19535, 21077, 20413, 13124, 11679, 11989, 11884, 12885, 12428, 13484, 12432, 12101, 13978, 13730, 13362, 12890, 12085, 11671, 12757, 11672, 11876, 11982, 11194, 11572, 19995, 21845, 20963, 18827, 12091, 12532, 12419, 11985, 13230, 12644, 20298, 12648, 13232, 14592, 12422, 12201, 12647]