Processing from 2016-05-27  06h20m37s to 05-27  13h09m20s
Weight discretization: 1000
Group number: 200
Radius : 0.040000
Frame filter: 0.200000
Prefix: c0524
Signature: c0524-worst-05-27 06h20m40s
Guide selection: worst
Frame number: 200
Guide sum 5581479.000000, energy from 7368808.535974 t0 4283951.025097
Guide hair selection:
[21240, 20358, 14891, 15269, 21023, 19470, 22202, 16061, 22203, 20214, 22086, 22198, 20748, 15394, 18278, 21015, 19611, 15139, 14491, 14618, 21001, 22113, 14868, 21809, 14737, 22052, 20420, 22006, 13830, 15866, 19853, 21307, 14976, 20152, 20965, 12874, 17942, 21860, 16554, 20452, 22211, 21983, 20029, 21788, 14983, 20722, 21401, 22155, 16277, 20158, 828, 7159, 746, 1120, 6415, 749, 5364, 5771, 5905, 1122, 6419, 1506, 377, 814, 899, 7146, 1334, 1471, 63, 330, 516, 2754, 6780, 156, 61, 17456, 17312, 20248, 12364, 13177, 18340, 11423, 10597, 11052, 10095, 8991, 4512, 21831, 15679, 22005, 22123, 19936, 16462, 21533, 21537, 19211, 16211, 21176, 21452, 21276, 20682, 13092, 18956, 18951, 13447, 18660, 20417, 16786, 15344, 20133, 17784, 13583, 21177, 19831, 14558, 18648, 16496, 14684, 18202, 15834, 12164, 17038, 17896, 13918, 14167, 5088, 7797, 4802, 3935, 11334, 14794, 3217, 3794, 8284, 3796, 9902, 7058, 2374, 4825, 6696, 1371, 20936, 21368, 1021, 7197, 2939, 1123, 6308, 2652, 9907, 454, 522, 4828, 1812, 7334, 8909, 1263, 3824, 6210, 1813, 5543, 5259, 7596, 469, 2824, 190, 1402, 1403, 94, 698, 4129, 415, 95, 5968, 5560, 7372, 3139, 31, 7490, 562, 146, 303, 7360, 628, 3, 1992, 306, 6135, 1196, 4171, 3160, 7133, 1321, 1309, 3434, 0, 1592, 16, 2724, 5590]