Processing from 2016-05-27  20h06m36s to 05-28  04h27m49s
Weight discretization: 1000
Group number: 400
Radius : 0.040000
Frame filter: 0.200000
Prefix: c0524
Signature: c0524-rand-05-27 20h06m38s
Guide selection: rand
Frame number: 200
Guide sum 23936303.000000, energy from 4199732.784621 t0 1130321.276863
Guide hair selection:
[948, 1257, 601, 3826, 6715, 4839, 1816, 3818, 10244, 7707, 10036, 6711, 951, 1967, 8689, 4562, 7222, 8330, 2244, 3681, 5546, 3253, 2108, 5823, 5685, 5004, 3124, 1984, 99, 549, 969, 1427, 8222, 709, 7238, 4576, 8579, 1163, 1979, 786, 9277, 5287, 4715, 9722, 9042, 3404, 7600, 8454, 4999, 8332, 9889, 10103, 7301, 9340, 7178, 6425, 4517, 11064, 10979, 13420, 11933, 11934, 3362, 4812, 10823, 10011, 10426, 7930, 8289, 5373, 10717, 5230, 10109, 10810, 10213, 10442, 8066, 6578, 2509, 1804, 1666, 4105, 4392, 2661, 5939, 6453, 10032, 5659, 3375, 10635, 8183, 9703, 9699, 4091, 6940, 9012, 9247, 6695, 5245, 9912, 180, 2854, 2144, 4734, 6371, 7125, 2006, 9951, 2719, 13, 8472, 5588, 47, 2277, 714, 3277, 10155, 7242, 315, 1856, 370, 9512, 2710, 6621, 5577, 9740, 4307, 9844, 7256, 5031, 3879, 4461, 3162, 1882, 6256, 3015, 9521, 5740, 4614, 3170, 4756, 8242, 8600, 5049, 8958, 5051, 7515, 6895, 8364, 6896, 3771, 6290, 5765, 1640, 10566, 6034, 1636, 4925, 5622, 7902, 6540, 6913, 10576, 9218, 9217, 5224, 8633, 8630, 4071, 4938, 7173, 8029, 10660, 6672, 5903, 3178, 2323, 1096, 6651, 906, 377, 2469, 445, 1217, 5198, 5883, 7155, 11119, 10679, 10860, 1358, 9883, 10674, 8259, 4053, 3764, 10272, 5342, 1489, 387, 16574, 20197, 12215, 17985, 15519, 18725, 18571, 15258, 15388, 14746, 19749, 17256, 22206, 17392, 13129, 14870, 20465, 13491, 20318, 21809, 21985, 19595, 19154, 15640, 16967, 19921, 17563, 16723, 21031, 14254, 15147, 20258, 19374, 1649, 21670, 18639, 1377, 20756, 18729, 14119, 13502, 15398, 15395, 17702, 19620, 19032, 12787, 15533, 13024, 19916, 17742, 12461, 13533, 13176, 18041, 12697, 11502, 12704, 12027, 11217, 11927, 11211, 20248, 12459, 11295, 20244, 15432, 17305, 13767, 15425, 19356, 19214, 15299, 17589, 14652, 17439, 20379, 14647, 21691, 18467, 12229, 14644, 11795, 20921, 18014, 21826, 20514, 22119, 21938, 21342, 20503, 19045, 16190, 18904, 21682, 19493, 13030, 15802, 19638, 16867, 20419, 18076, 11976, 16391, 13102, 15733, 19693, 15598, 12744, 15472, 17491, 13824, 14062, 17055, 15330, 19687, 18211, 11559, 19543, 13331, 14443, 16110, 11864, 15850, 12738, 12160, 11950, 14675, 18048, 17464, 14929, 11728, 11530, 12486, 11172, 11170, 12948, 16500, 13565, 12615, 18202, 17474, 18654, 16360, 15317, 12840, 16769, 11953, 13683, 13437, 18990, 14347, 16682, 20846, 19722, 16678, 22063, 11677, 22070, 20938, 20948, 21180, 20020, 19727, 21575, 16149, 17812, 18700, 12099, 18998, 21324, 17246, 16551, 17815, 17383, 12525, 16662, 16000, 14837, 18823, 13466, 21466, 20138, 20695, 21844, 20963, 21089, 19709, 20432, 18538, 16804, 12531, 16137, 20969, 18691, 19426, 16404, 16140, 20153, 14214]