Processing from 2016-05-26  16h47m20s to 05-26  23h34m20s
Weight discretization: 1000
Group number: 200
Radius : 0.040000
Frame filter: 0.200000
Prefix: c0524
Signature: c0524-rand-05-26 16h47m23s
Guide selection: rand
Frame number: 200
Guide sum 12119974.000000, energy from 5533895.327656 t0 1423699.303826
Guide hair selection:
[20899, 21033, 16584, 14627, 12672, 19473, 20073, 18307, 19491, 15408, 21937, 19045, 19022, 16436, 18426, 21020, 17988, 17991, 15386, 14363, 20327, 15385, 17535, 21332, 17532, 21094, 17937, 21194, 15221, 16526, 19415, 19574, 14976, 15878, 12092, 14462, 16941, 12773, 14227, 16963, 22211, 21926, 19296, 19871, 15889, 20722, 18253, 21567, 15368, 18100, 1913, 3190, 2196, 8858, 9754, 3194, 4939, 9652, 4069, 2915, 4209, 7541, 2176, 6270, 10063, 3174, 3026, 10747, 1350, 8376, 3044, 2042, 6277, 1217, 3035, 18189, 19957, 15433, 11505, 11202, 13293, 11927, 10096, 11225, 10290, 8990, 10663, 18465, 16736, 21893, 14008, 13760, 15158, 18615, 21057, 18618, 16748, 21066, 21454, 16209, 19835, 14951, 17060, 11189, 14440, 18511, 12862, 16512, 15472, 19987, 17069, 13221, 18942, 16365, 12849, 17327, 12840, 11851, 11843, 15190, 11740, 15961, 17315, 11092, 13185, 5643, 10994, 7176, 10883, 12148, 12944, 3651, 10815, 10911, 6179, 9795, 8047, 4679, 7943, 6698, 2639, 20255, 21379, 1127, 7071, 6057, 5093, 8415, 5241, 7687, 681, 933, 9367, 8672, 6583, 9139, 1537, 8799, 6845, 10244, 7584, 8912, 6087, 9156, 4417, 687, 9037, 4123, 868, 2263, 6852, 6733, 413, 8695, 2976, 7122, 4295, 9946, 5434, 7243, 10260, 3124, 7609, 4577, 254, 2130, 9052, 4898, 2735, 6132, 1600, 7999, 2729, 3001, 5986, 4590, 8352, 4159, 1874, 4602]