Processing from 2016-05-28  12h50m58s to 05-28  21h16m47s
Weight discretization: 1000
Group number: 400
Radius : 0.040000
Frame filter: 0.200000
Prefix: c0524
Signature: c0524-worst-05-28 12h51m00s
Guide selection: worst
Frame number: 200
Guide sum 12326932.000000, energy from 6471457.235257 t0 3693196.031921
Guide hair selection:
[190, 454, 333, 3824, 7464, 5406, 1040, 2380, 5259, 8436, 4550, 9149, 122, 1270, 2824, 3833, 7596, 8207, 1263, 1822, 3973, 3394, 949, 3829, 5685, 5968, 3414, 1703, 94, 39, 305, 1429, 212, 360, 6741, 4574, 1170, 474, 2409, 412, 6984, 3699, 5560, 343, 691, 2259, 1277, 7106, 3548, 4273, 10608, 5640, 6423, 8523, 7054, 4804, 3214, 16755, 16893, 14036, 13419, 12261, 3217, 3941, 3222, 9902, 6308, 6050, 7308, 5094, 4521, 3794, 9233, 5369, 6045, 2801, 8787, 5936, 2365, 837, 522, 3238, 4828, 1813, 6833, 7453, 8909, 3515, 2374, 2799, 7446, 6696, 6318, 2792, 5789, 9907, 7321, 6444, 3805, 2653, 85, 2711, 1444, 3434, 4006, 7374, 1584, 1592, 1309, 0, 4157, 7253, 3, 1992, 8, 3565, 4146, 7490, 7, 310, 148, 981, 3139, 7372, 4733, 1319, 4020, 2724, 6507, 7133, 3159, 6386, 4171, 1741, 4315, 3016, 1321, 1334, 6135, 3455, 6514, 2881, 1196, 3173, 899, 811, 6768, 2886, 3893, 7146, 835, 6415, 1236, 1122, 5074, 6545, 830, 4054, 6912, 749, 834, 6028, 9555, 8991, 8872, 5364, 4512, 8630, 2493, 5501, 5905, 2635, 6036, 2210, 6419, 2749, 814, 376, 6012, 37, 18, 909, 156, 92, 4191, 3469, 6780, 11143, 10300, 10597, 828, 9669, 10199, 1912, 7159, 3620, 330, 3326, 450, 742, 18580, 21014, 20881, 20748, 15394, 17259, 20327, 21005, 18865, 22186, 20876, 18130, 22211, 17391, 14740, 22177, 20182, 22197, 20319, 22111, 21927, 20030, 19445, 14483, 14737, 20214, 16320, 16724, 21240, 20067, 21592, 20534, 19819, 1371, 21875, 1373, 1123, 21015, 19171, 19173, 20055, 15269, 15139, 14500, 20761, 19177, 21239, 17558, 17848, 20765, 17029, 17312, 17601, 13177, 18340, 13294, 12479, 13175, 12364, 11052, 11823, 11519, 20248, 19956, 20393, 21276, 20802, 16211, 21537, 15945, 19358, 20934, 16477, 21275, 21454, 15943, 21533, 21765, 21831, 19500, 16469, 21356, 15679, 20232, 18758, 22004, 16329, 22202, 22086, 22201, 20906, 19192, 18307, 16462, 22050, 21886, 22182, 22203, 19489, 16061, 20417, 19695, 17932, 17353, 13583, 17784, 20275, 16786, 14194, 15344, 19402, 16924, 13447, 17194, 16503, 20266, 18948, 18951, 20128, 13092, 18513, 17628, 19542, 15593, 15722, 11944, 15961, 14173, 18790, 17904, 15959, 11627, 11334, 13919, 17173, 16899, 14794, 17050, 14684, 14558, 19384, 19974, 18946, 17468, 15834, 12164, 18353, 16496, 12165, 14557, 18991, 14854, 16277, 21484, 20158, 18397, 22155, 21569, 22067, 20936, 21620, 21368, 21920, 21216, 21860, 14474, 18698, 17099, 22030, 20029, 21867, 15895, 16024, 21410, 20452, 14083, 19705, 18088, 13830, 20140, 19996, 21952, 20280, 21894, 22094, 22052, 21089, 19709, 20965, 20004, 17505, 14209, 14336, 21481, 18840, 21208, 14976, 14850, 20570, 20008]