Processing from 2016-04-19  23h57m15s to 04-20  06h37m23s
Weight discretization: 1000
Group number: 200
Radius : 0.030000
Frame filter: 0.200000
Prefix: s15000new
Signature: s15000new-rand-04-19 23h57m16s
Guide selection: rand
Frame number: 200
Guide sum 3835099.000000, energy from 18349201.476537 t0 6458842.327804
Guide hair selection:
[9591, 4249, 10636, 2669, 5669, 4691, 4099, 8301, 10534, 1516, 1530, 2655, 11074, 11934, 9110, 6675, 7183, 8281, 3511, 6184, 9579, 10420, 3798, 8172, 9685, 7706, 2390, 7088, 235, 2671, 5543, 202, 954, 9381, 6975, 6474, 3832, 481, 2702, 2556, 6988, 6608, 8815, 7726, 2980, 2409, 2118, 5418, 6726, 7105, 10770, 9668, 8756, 7789, 5363, 9098, 3773, 11135, 11417, 5213, 5219, 10175, 6023, 9084, 390, 2620, 5212, 7038, 10466, 9191, 3900, 1766, 2478, 7649, 10564, 2168, 6139, 7638, 2178, 7521, 3604, 10653, 5040, 7264, 5998, 4309, 7996, 2995, 9286, 2565, 1188, 311, 112, 1590, 2286, 2857, 7741, 6871, 6377, 6254, 14944, 12510, 18804, 18798, 14687, 13202, 21547, 20808, 19387, 19981, 12742, 15725, 15324, 13799, 12842, 4225, 17468, 2355, 17607, 14419, 12054, 14923, 17462, 12485, 12044, 18378, 16388, 12192, 20561, 16791, 17066, 16937, 15353, 18086, 18827, 21476, 21854, 11885, 13120, 18554, 17095, 12999, 13477, 20141, 15363, 21481, 12759, 17797, 13472, 12310, 20048, 12897, 18281, 17410, 11998, 14880, 16576, 13260, 13629, 20767, 17420, 14507, 22173, 18115, 21661, 15636, 17671, 21578, 17677, 14108, 17249, 20737, 18719, 16566, 13988, 21529, 18761, 14393, 21949, 14261, 20513, 21812, 19923, 15539, 20366, 17862, 14132, 18325, 14270, 17017, 20531, 15040, 15817, 18779, 13161, 15171, 11818, 13297, 14029, 13291]