Processing from 2016-04-20  13h19m34s to 04-20  20h04m18s
Weight discretization: 1000
Group number: 200
Radius : 0.030000
Frame filter: 0.200000
Prefix: s15000new
Signature: s15000new-worst-04-20 13h19m36s
Guide selection: worst
Frame number: 200
Guide sum 1480200.000000, energy from 22246139.271326 t0 12552362.441768
Guide hair selection:
[2661, 4247, 4391, 2522, 4546, 7334, 3090, 7323, 2941, 837, 670, 2517, 17314, 11188, 9781, 4370, 5510, 11008, 3510, 3948, 8419, 6304, 2932, 7309, 5233, 8315, 2673, 2816, 122, 1542, 3534, 195, 2397, 3109, 2253, 6722, 3685, 130, 2416, 795, 6490, 5702, 8098, 702, 1986, 2407, 1691, 6850, 4132, 1280, 11207, 10582, 10483, 3066, 9862, 11015, 1369, 11052, 11307, 4931, 7783, 1927, 5346, 10171, 453, 836, 9089, 10373, 375, 9420, 2181, 18, 8494, 6405, 2618, 10364, 7266, 3315, 573, 7521, 2887, 2449, 4901, 6763, 3018, 1321, 7874, 1998, 10651, 8345, 724, 20, 36, 571, 2429, 2857, 8470, 7122, 9402, 5313, 16779, 18512, 18806, 18358, 14941, 18212, 21695, 20938, 20534, 19837, 14321, 15980, 17046, 15963, 16767, 1123, 17905, 18935, 17459, 14167, 13189, 16755, 20394, 13666, 11935, 18963, 18670, 18819, 20424, 17632, 17924, 18385, 18821, 19560, 19699, 22007, 22186, 21216, 20986, 14984, 14221, 20715, 14097, 20146, 20438, 21096, 19123, 18978, 20153, 20150, 21015, 14116, 19317, 18288, 18433, 16045, 15011, 19180, 19917, 21032, 19335, 15796, 22204, 20995, 22212, 16024, 18411, 21495, 21424, 15770, 19594, 19888, 11784, 16978, 14743, 21831, 16601, 16066, 22154, 19491, 17149, 22085, 21250, 20775, 20644, 20642, 16458, 21455, 20237, 19208, 21176, 16748, 19362, 18190, 17171, 16750, 11409, 13418, 18043, 13909]