Processing from 2016-04-28  17h30m26s to 04-29  00h16m21s
Weight discretization: 1000
Group number: 200
Radius : 0.030000
Frame filter: 0.200000
Prefix: s15000new2
Signature: s15000new2-opt-04-28 17h30m30s
Guide selection: opt
Frame number: 200
Guide sum 11392654.000000, energy from 26952552.875844 t0 14401341.862486
Guide hair selection:
[9627, 10161, 10652, 6761, 9630, 9845, 5740, 9955, 9522, 8128, 7019, 10747, 1863, 11014, 7497, 7128, 8113, 8354, 4285, 9171, 6744, 9840, 10259, 9839, 7863, 8135, 9307, 10168, 10063, 9530, 9527, 10272, 10749, 9082, 10372, 5061, 8381, 9867, 9213, 10180, 11023, 9552, 11017, 8388, 10751, 9651, 10659, 9427, 9967, 10070, 10547, 10445, 10247, 10244, 10344, 8678, 10042, 10353, 9608, 10039, 9823, 8800, 247, 9725, 9726, 7733, 10649, 10048, 9937, 9041, 9830, 10552, 10150, 8455, 10045, 10912, 10913, 10514, 10816, 10425, 10726, 9568, 10896, 10908, 10812, 11060, 11004, 9584, 10129, 9581, 1657, 10335, 10631, 843, 8791, 10735, 9921, 9920, 10732, 10131, 11530, 11162, 11165, 3642, 11092, 11171, 11748, 11545, 11270, 11460, 11751, 11184, 11867, 11865, 12181, 11965, 11559, 11960, 11764, 11662, 12079, 11871, 11669, 11285, 12298, 20291, 12534, 12535, 11777, 11776, 11674, 12871, 19559, 21544, 12641, 11876, 12196, 11779, 11988, 12423, 20118, 20713, 20104, 11992, 11783, 12773, 11886, 11104, 12428, 12098, 11792, 13389, 12005, 15151, 11486, 11198, 11690, 12912, 14135, 11588, 13516, 11691, 11917, 11804, 11697, 12460, 11695, 11491, 11489, 13154, 14649, 12011, 15947, 12802, 12230, 13750, 12003, 15017, 12556, 11894, 12443, 11110, 11210, 11303, 12553, 13620, 13137, 12103, 11682, 11290, 11582, 12105, 12325, 21837, 21913, 21567, 12545, 20461, 11579, 11994]