Processing from 2016-04-28  10h52m48s to 04-28  17h30m19s
Weight discretization: 1000
Group number: 200
Radius : 0.030000
Frame filter: 0.200000
Prefix: s15000new2
Signature: s15000new2-rand-04-28 10h52m49s
Guide selection: rand
Frame number: 200
Guide sum 4431495.000000, energy from 8968217.778398 t0 3093522.843623
Guide hair selection:
[1729, 5860, 7505, 4607, 1327, 2870, 4033, 6264, 2594, 1754, 4324, 8246, 148, 2288, 9059, 6376, 3869, 9625, 1851, 1853, 4871, 106, 10458, 1718, 3861, 732, 5197, 9419, 10066, 6144, 7026, 1354, 3328, 8497, 2477, 5064, 7037, 5636, 8271, 9436, 10682, 9664, 10672, 3345, 2773, 8506, 10659, 8974, 3195, 9538, 1813, 5405, 6589, 2525, 4543, 8193, 1687, 8805, 2965, 1264, 5954, 7219, 99, 1561, 6358, 9728, 7486, 3127, 773, 2830, 6350, 5283, 6607, 10151, 1054, 4806, 8522, 10421, 6558, 10425, 9578, 6171, 10511, 8639, 15827, 12149, 10982, 4818, 7318, 7686, 751, 2928, 5382, 845, 6070, 3379, 10237, 7946, 10827, 2798, 12260, 11535, 13304, 19091, 17748, 15961, 16905, 14045, 15833, 17049, 13078, 12614, 16784, 12177, 15334, 18213, 11862, 13935, 16924, 13820, 12628, 15085, 17208, 14964, 14074, 20422, 20298, 14723, 18393, 13352, 17224, 16130, 20131, 21075, 13108, 16662, 18382, 20301, 14983, 15624, 19534, 21314, 2497, 21868, 18412, 13241, 21224, 20719, 17522, 13480, 21995, 13028, 14895, 21149, 14894, 20067, 16065, 21685, 18903, 21526, 14014, 19205, 11921, 13539, 13286, 11592, 18332, 16615, 20661, 17728, 16603, 20246, 18326, 15166, 14274, 18595, 12003, 18150, 13996, 13381, 17271, 11133, 20050, 11713, 19463, 15653, 14625, 19892, 15254, 17111, 19753, 14363, 16706, 21837, 21855, 21852, 21871, 22143, 18711, 15771]