Processing from 2016-04-20  06h37m30s to 04-20  13h19m31s
Weight discretization: 1000
Group number: 200
Radius : 0.030000
Frame filter: 0.200000
Prefix: s15000new
Signature: s15000new-opt-04-20 06h37m33s
Guide selection: opt
Frame number: 200
Guide sum 10139258.000000, energy from 51627299.041722 t0 19352782.562072
Guide hair selection:
[10540, 9921, 10920, 9594, 9812, 10344, 10436, 9910, 10919, 1663, 672, 10335, 10899, 10878, 10994, 10893, 10911, 10795, 10429, 10431, 10329, 10425, 10424, 10323, 10623, 8439, 10036, 10247, 457, 3533, 9262, 294, 2676, 9931, 9608, 9935, 9269, 1173, 9395, 10456, 10925, 9617, 9834, 8455, 9613, 10150, 10452, 9936, 7723, 10355, 10937, 10390, 10932, 10661, 10179, 10570, 3770, 11119, 9864, 10659, 9093, 9319, 5066, 7895, 1497, 9538, 10071, 9965, 10466, 9854, 10269, 10065, 10563, 9081, 8732, 9524, 7515, 9302, 9527, 8130, 7023, 8600, 8720, 10163, 10559, 9844, 6510, 8826, 9512, 9730, 1078, 72, 568, 10558, 10362, 9623, 8350, 5718, 10461, 10652, 11189, 11563, 11559, 11460, 11652, 11556, 20815, 18503, 20263, 17922, 11102, 11867, 11451, 11269, 11184, 2499, 11358, 1788, 15701, 11267, 11264, 11159, 11083, 11087, 11079, 16929, 11873, 11978, 19549, 11471, 11871, 13108, 11672, 12087, 19119, 21908, 21791, 11679, 11384, 11780, 12539, 11882, 11576, 20972, 12763, 13719, 12308, 12200, 11879, 12311, 20618, 12105, 12326, 15137, 11684, 12553, 12903, 12556, 14251, 19186, 16448, 12558, 21922, 11681, 14228, 11887, 13852, 13124, 12660, 11994, 12546, 18424, 12103, 12895, 11197, 11588, 12682, 12338, 21608, 12336, 12116, 21337, 13757, 12113, 13147, 12677, 14387, 11489, 12918, 13037, 17022, 11391, 11490, 18627, 11592, 12122, 11401, 11298, 11393, 12019]