Processing from 2016-04-29  00h16m25s to 04-29  07h04m05s
Weight discretization: 1000
Group number: 200
Radius : 0.030000
Frame filter: 0.200000
Prefix: s15000new2
Signature: s15000new2-worst-04-29 00h16m27s
Guide selection: worst
Frame number: 200
Guide sum 1879149.000000, energy from 10894131.296069 t0 5240868.798499
Guide hair selection:
[2868, 3011, 10926, 6386, 3016, 1321, 1337, 8120, 2450, 647, 503, 7020, 12, 1086, 7371, 6121, 116, 1194, 1175, 562, 2419, 2, 10359, 1298, 6112, 189, 6148, 2042, 90, 3320, 4763, 328, 5059, 7653, 745, 3047, 7898, 3497, 4512, 8872, 10594, 9557, 9669, 1506, 3779, 1927, 1237, 1643, 748, 10274, 1675, 3389, 8441, 1954, 4253, 8553, 158, 8327, 9385, 1398, 2676, 9381, 64, 192, 6484, 360, 7366, 1063, 768, 2397, 1045, 6609, 7108, 287, 862, 3649, 3650, 5914, 4668, 3506, 5240, 5508, 7547, 5641, 4514, 13544, 16757, 3948, 8543, 5789, 1123, 2646, 3222, 1037, 4104, 2663, 3088, 8312, 6822, 1806, 11729, 17323, 16620, 19384, 18201, 17039, 18205, 12164, 16094, 18801, 15968, 17047, 18513, 14065, 19094, 18805, 12283, 15328, 19990, 18071, 12744, 19252, 18815, 18674, 15087, 21094, 20572, 16406, 20005, 12758, 17943, 20285, 20139, 21695, 13227, 13584, 19412, 20715, 20581, 17659, 21067, 1239, 20394, 21732, 19293, 13976, 21577, 21218, 18554, 14474, 22223, 21042, 22184, 22085, 20361, 20213, 18905, 22123, 19639, 22005, 19643, 18764, 12367, 13297, 18043, 17170, 20103, 20669, 21453, 19353, 20381, 21539, 18774, 20524, 17444, 20764, 18890, 14891, 14500, 19326, 20896, 11143, 21015, 12256, 19757, 19611, 19908, 21131, 16974, 17974, 20474, 17832, 14621, 22052, 22207, 22124, 21990, 22220, 20029, 14868]