Processing from 2016-04-06  17h44m36s to 04-06  18h06m00s
Weight discretization: 1000
Group number: 300
Radius : 0.100000
Frame filter: 0.200000
Prefix: s4000
Signature: s4000-rand-04-06 17h44m38s
Guide selection: rand
Frame number: 2
Guide sum 50083306.000000, energy from 46.192641 t0 15.990835
Guide hair selection:
[114, 1483, 1179, 367, 1761, 656, 1194, 1587, 1053, 519, 1416, 510, 153, 440, 1974, 242, 1595, 1813, 1641, 1409, 1168, 1911, 149, 1288, 1171, 768, 491, 239, 3885, 236, 427, 495, 911, 483, 4028, 1531, 1589, 996, 159, 1968, 773, 38, 1253, 1546, 1871, 1372, 1915, 40, 446, 1972, 120, 1426, 652, 1187, 793, 787, 869, 770, 933, 639, 207, 1490, 987, 1548, 589, 2113, 2154, 915, 525, 1830, 250, 1828, 390, 868, 2573, 46, 24, 2358, 2935, 1506, 1796, 1733, 343, 1676, 1741, 676, 1568, 815, 1565, 1848, 1083, 1082, 1269, 2913, 3058, 3505, 581, 2640, 2034, 1886, 1984, 2083, 328, 604, 4019, 942, 465, 1942, 1938, 1557, 1783, 2089, 51, 13, 48, 75, 340, 277, 1156, 1846, 1157, 1216, 1275, 1278, 1392, 1742, 816, 1273, 1451, 817, 1213, 79, 19, 1535, 1097, 1095, 1032, 1633, 1460, 1575, 1036, 34, 1162, 689, 965, 1909, 900, 761, 391, 1524, 2950, 3936, 3470, 2677, 2830, 3006, 2828, 3009, 2535, 468, 3084, 2219, 2266, 3194, 3688, 1766, 96, 3556, 2776, 3979, 2422, 3600, 3076, 3613, 2771, 3859, 1677, 3232, 4063, 3017, 3780, 2896, 2430, 3680, 3081, 2661, 3480, 3836, 3782, 3955, 3707, 4061, 3537, 2557, 3749, 3567, 4211, 3632, 1784, 3975, 3634, 3772, 3561, 4029, 2331, 3342, 1142, 3415, 2324, 3083, 3691, 2230, 2554, 2433, 2767, 4203, 3417, 600, 4156, 3027, 4074, 3089, 3608, 3662, 3346, 3250, 3941, 2629, 3604, 2288, 3875, 3523, 3184, 2747, 2297, 1976, 2203, 121, 2099, 1355, 3729, 2458, 2300, 733, 3812, 2877, 3323, 2637, 2619, 3059, 1884, 2523, 460, 2938, 2644, 1842, 3877, 325, 333, 3602, 2883, 2272, 4043, 2634, 4088, 3571, 3433, 3499, 2857, 3362, 3786, 3588, 2688, 2859, 3647, 3866, 3301, 4089, 3106, 2654, 4040, 2929, 2606, 4097, 3709, 2378, 3516, 3799, 2509, 2485, 2286, 3794, 3654, 2337, 2740, 3865, 3796, 3901, 4132, 2915]