Processing from 2016-04-06  16h39m15s to 04-06  16h56m56s
Weight discretization: 1000
Group number: 300
Radius : 0.100000
Frame filter: 0.200000
Prefix: s4000
Signature: s4000-rand-04-06 16h39m17s
Guide selection: rand
Frame number: 2
Guide sum 50764866.000000, energy from 42.094835 t0 15.018670
Guide hair selection:
[1964, 196, 845, 367, 916, 574, 371, 436, 303, 1364, 854, 63, 989, 1303, 1777, 1538, 1117, 1120, 1584, 1164, 629, 904, 1348, 190, 1754, 191, 1752, 626, 3143, 1109, 634, 633, 1963, 1044, 2846, 1757, 843, 654, 253, 1487, 1051, 38, 450, 518, 520, 254, 497, 1417, 446, 1428, 120, 1869, 1711, 1424, 582, 2013, 869, 1060, 1876, 778, 389, 1872, 1649, 1548, 589, 2113, 1818, 1918, 2299, 2147, 781, 1776, 1436, 730, 1775, 46, 133, 1724, 2943, 672, 740, 1944, 1505, 2046, 1209, 268, 1737, 1736, 951, 1623, 1887, 1145, 1570, 4217, 467, 2444, 1474, 2122, 165, 1936, 2085, 1496, 3824, 531, 4019, 1320, 334, 1838, 4107, 2131, 1727, 1671, 54, 0, 103, 105, 485, 1675, 700, 616, 1337, 1155, 1630, 1278, 957, 1024, 954, 1086, 1738, 886, 1151, 1747, 1697, 2403, 1342, 1095, 146, 1519, 1280, 1746, 1345, 1285, 1696, 898, 756, 1638, 1857, 1228, 729, 833, 2950, 2742, 3893, 3783, 2426, 2206, 4009, 2224, 2593, 210, 3839, 4014, 2269, 3888, 3957, 591, 261, 2614, 2600, 2273, 1891, 3611, 2596, 1670, 3204, 2389, 2375, 3626, 3096, 3017, 2232, 3825, 2275, 2602, 3018, 3549, 2898, 2233, 2440, 3473, 2055, 3746, 4140, 3849, 4197, 3225, 3095, 3158, 2707, 2910, 4079, 3219, 2611, 3907, 3906, 4158, 3897, 3415, 3962, 4220, 2779, 4033, 3496, 2489, 2767, 3418, 2904, 2222, 3558, 3028, 4237, 2841, 2210, 3113, 4207, 3314, 2750, 3668, 3604, 2288, 2348, 2150, 3451, 2747, 1375, 2354, 2157, 358, 2064, 1122, 2804, 2574, 2293, 806, 3814, 2878, 3904, 2123, 3293, 2638, 2125, 2360, 460, 1200, 2171, 2167, 3003, 325, 3392, 2642, 2414, 2274, 4043, 3942, 2450, 2793, 3433, 3414, 3165, 2616, 3786, 2988, 2920, 3365, 2285, 3720, 2503, 2860, 3651, 4025, 4040, 3181, 3115, 3317, 2969, 4198, 3243, 3517, 4000, 3869, 2447, 4049, 2984, 3931, 3795, 2506, 3442, 2267, 4134, 3359]